13     0     0     0     0     0     0     0     0     0
     2    25     1     0     3     0     0     0     0     1
     0     4    24     1     0     0     0     6     0     0
     0     1     1    18     0     0     0     3     0    14
     0     1     0     0     3     0     0     0     0     0
     0     0     0     2     0    15     1     1     2     1
     0     0     1     0    13     0     9     0    12     0
     0     4     0     0     0     0     0     4     0     0
     0     0     0     0     0     0     0     0     8     0
     0     0     0     1     0     0     0     2     0     3

